AMI:0.12238331518
NMI:0.143077073844
ARI:0.0479862191047
F1_Micro:0.067
F1_Macro:0.0607463854782
AC:0.067
